Event,Fit,Age,Height,Weight,Country,Previously Placed
Basketball Men's Basketball,0.8724584103512015,0.10981915553080673,0.07230129343910723,0.048216264129828525,0.7407792904257192,0.02888399647453829
Judo Men's Extra-Lightweight,0.8194444444444444,0.1631600369319721,0.052844405028399856,0.05091854400797641,0.6081962271191313,0.12488078691252029
Boxing Men's Middleweight,0.7764705882352941,0.2518908454069538,0.07740649178310159,0.011182726917299629,0.6355055345924966,0.024014401300148466
Swimming Women's 200 metres Freestyle,0.9345794392523364,0.23136645114644452,0.15130832200453423,0.08546623030576442,0.4683060135552674,0.06355298298798938
Swimming Women's 4 x 200 metres Freestyle Relay,0.8636363636363636,0.12894377841150934,0.06857681090735564,0.046522550762254075,0.6951669527083081,0.0607899072105728
Hockey Men's Hockey,0.7824817518248175,0.18741492531231527,0.09861912196581747,0.05257292667582282,0.5694236832169057,0.09196934282913866
Judo Men's Middleweight,0.8255813953488372,0.16316316526510088,0.06195340810594942,0.06442040875343197,0.6710535578835489,0.03940945999196877
Basketball Women's Basketball,0.8388278388278388,0.15347233087066137,0.0907061052141818,0.07066679708493215,0.59358462334952,0.09157014348070482
"Wrestling Men's Heavyweight, Greco-Roman",0.7543859649122807,0.26125069996092326,0.08839280546915829,0.08565439673930424,0.4994052178473545,0.06529687998325978
Archery Men's Individual,0.9371069182389937,0.26439221405856667,0.11085924709149057,0.1268753697663347,0.45812172869288165,0.03975144039072645
Swimming Women's 200 metres Backstroke,0.9,0.20256549168330992,0.12030378396954275,0.07445958481804053,0.5417013786262385,0.06096976090286839
Boxing Men's Light-Heavyweight,0.8554216867469879,0.2009548832532555,0.07169658275082566,0.027251463099039485,0.6711791400858359,0.02891793081104333
Triathlon Men's Olympic Distance,0.9242424242424242,0.23596547530728748,0.09352817979245827,0.02258113062801735,0.5573552223010462,0.0905699919711907
Football Women's Football,0.7804878048780488,0.17616934607082502,0.07364654717263155,0.040017120786175156,0.6397362962780325,0.07043068969233587
Rhythmic Gymnastics Women's Individual,0.9491525423728814,0.16480825426381643,0.09652209053977436,0.07078713448894225,0.5739402476334096,0.09394227307405728
"Athletics Women's 10,000 metres",0.9104477611940298,0.2374287835572711,0.06834165571393877,0.03600540487408269,0.4234546742401422,0.23476948161456532
Badminton Men's Singles,0.8591549295774648,0.21529684702147514,0.11327948755959177,0.03897159948238607,0.5500408261271486,0.08241123980939843
Football Men's Football,0.8659147869674185,0.15164022525362622,0.08198216040933387,0.031686530056207536,0.7060310224847811,0.028660061796051274
Rhythmic Gymnastics Women's Group,0.7717391304347826,0.1730599718951968,0.09754156578207093,0.04572901166353478,0.6480061117285085,0.035663338930688966
"Wrestling Men's Light-Heavyweight, Freestyle",0.8676470588235294,0.20715181856181003,0.11158456733094024,0.03907286729421413,0.5727464082535693,0.06944433855946644
Gymnastics Women's Individual All-Around,0.9828178694158075,0.17429615124012934,0.14712168248659274,0.06684719722731444,0.4719649460408024,0.13977002300516114
Gymnastics Women's Team All-Around,0.9067796610169492,0.08877315126957191,0.06269449325445048,0.04311413009173441,0.7575202343923855,0.04789799099185766
Gymnastics Women's Horse Vault,0.9713114754098361,0.2523652703394954,0.11998034776444595,0.08573006445899345,0.49069196044204183,0.05123235699502342
Gymnastics Women's Uneven Bars,0.9758620689655172,0.1958572034673004,0.17816404963859694,0.041465763751780724,0.540777306746197,0.04373567639612489
Gymnastics Women's Balance Beam,0.9792387543252595,0.23654185584182388,0.16720061437950326,0.0670809369117738,0.45080860858562866,0.0783679842812703
Athletics Men's Hammer Throw,0.8699186991869918,0.23931173786716423,0.1188516472786256,0.13339527101381463,0.43149995818667525,0.07694138565372037
Volleyball Men's Volleyball,0.7647058823529411,0.21409576383613943,0.1288805491342082,0.06906694110870096,0.5190141090007943,0.06894263692015704
Athletics Women's Shot Put,0.8481012658227848,0.2112115628153078,0.11757129997843771,0.14330205211515895,0.47896735415628106,0.048947730934814485
Athletics Women's 400 metres,0.9166666666666666,0.25557709488801944,0.11753650610187913,0.06594569930679066,0.46200950690144615,0.09893119280186465
Swimming Women's 100 metres Butterfly,0.936,0.25610744833384097,0.13516539346998074,0.06946971422601973,0.4785851409615127,0.06067230300864588
Swimming Women's 4 x 100 metres Medley Relay,0.8369098712446352,0.11581234374979746,0.05591191265001549,0.05261419870006075,0.7389280664403983,0.036733478459727985
Athletics Men's 100 metres,0.9085545722713865,0.21660778776677123,0.09953376138624105,0.06135213616774551,0.5775248808160415,0.04498143386320074
Athletics Men's 4 x 100 metres Relay,0.843501326259947,0.1987946737353398,0.10628516196186114,0.05232973193300113,0.6083837176336601,0.03420671473613788
Swimming Men's 50 metres Freestyle,0.976,0.2027333572115479,0.09946820391723027,0.05035868506681116,0.5174653791653563,0.12997437463905442
Swimming Men's 4 x 100 metres Freestyle Relay,0.8514851485148515,0.13887549382436493,0.08358785897738776,0.04994849459668543,0.6410732336424269,0.08651491895913505
Athletics Men's Marathon,0.9588688946015425,0.20860082444631392,0.10678160505612024,0.05272767201288356,0.6029658121742025,0.02892408631047987
Water Polo Men's Water Polo,0.8436213991769548,0.15842116053357524,0.08736177880564443,0.05463271592021988,0.6079124707479029,0.09167187399265753
Athletics Men's High Jump,0.8355263157894737,0.23579874224211525,0.13347321898792153,0.07409923055741958,0.4884523780349031,0.0681764301776405
Athletics Men's 50 kilometres Walk,0.9197530864197531,0.25593084272029687,0.08782560871414587,0.08330558643347233,0.4567297544272261,0.11620820770485896
Hockey Women's Hockey,0.7710843373493976,0.1739700796210951,0.08518055582641049,0.03624554807728678,0.6571715330244233,0.04743228345078428
"Shooting Men's Air Rifle, 10 metres",0.9191919191919192,0.28035484810650657,0.09062502581124923,0.10185707810215412,0.48370548196905166,0.04345756601103849
"Shooting Men's Small-Bore Rifle, Three Positions, 50 metres",0.9236641221374046,0.3135674747391113,0.11411390925029652,0.05465851524036021,0.4622515974713481,0.055408503298884006
Weightlifting Men's Middleweight,0.8405797101449275,0.24059010996764094,0.07193065242334502,0.013387343073920498,0.5935270973510557,0.08056479718403782
Weightlifting Men's Light-Heavyweight,0.7671232876712328,0.23248465597728843,0.0760742606635793,0.058539541260733956,0.5151854720023727,0.11771607009602562
"Shooting Women's Sporting Pistol, 25 metres",0.9125,0.338977750030428,0.09450195664784601,0.08495931744472228,0.4239570496337196,0.05760392624328405
"Cycling Men's Road Race, Individual",0.98,0.2745086240752908,0.12207945039729595,0.037017150197268804,0.5476115871008861,0.018783188229258403
Badminton Men's Doubles,0.8493150684931506,0.17853813536379523,0.13447273466458637,0.07263512559600487,0.48274573342801735,0.13160827094759614
Athletics Men's 20 kilometres Walk,0.9415584415584416,0.2694473594002749,0.1496225395598989,0.0628466820600186,0.469015700449441,0.04906771853036658
Archery Women's Individual,0.9432624113475178,0.24617218624301931,0.07839248826538137,0.0542334568943164,0.5883309739098405,0.03287089468744254
Archery Women's Team,0.6986301369863014,0.2517536931233779,0.0899792428649311,0.06797168696258984,0.5470015666626835,0.04329381038641766
Weightlifting Women's Heavyweight,0.6470588235294118,0.37391558514526746,0.08284759772086654,0.007144317339470912,0.44714730164767813,0.08894519814671713
Rowing Women's Double Sculls,0.6862745098039216,0.2294619077040692,0.09445110548172658,0.05205183409526169,0.5368039423761202,0.08723121034282245
Rowing Women's Coxed Eights,0.6756756756756757,0.22780472921516062,0.09051347624380959,0.048786903491015485,0.5370907007582502,0.09580419029176411
Rowing Women's Quadruple Sculls,0.7741935483870968,0.21791965355015777,0.09961818132835408,0.039300573650776535,0.5864749524795939,0.05668663899111777
Athletics Women's Discus Throw,0.8811881188118812,0.24086244996342238,0.12223758207107559,0.12209879568646573,0.4453394561696707,0.06946171610936565
Athletics Men's Triple Jump,0.9006211180124224,0.24038209711496475,0.11423980309596216,0.08190495153970692,0.4906368990661021,0.0728362491832642
"Shooting Men's Small-Bore Rifle, Prone, 50 metres",0.9135802469135802,0.2643129473378603,0.09624261893812666,0.10167161840716142,0.4914515323779026,0.046321282938948986
Diving Men's Synchronized Platform,0.55,0.2689388277065418,0.1283745226614902,0.11078375666021097,0.4210703246194768,0.07083256835228022
Diving Men's Springboard,0.8627450980392157,0.23121983954729147,0.1193033955867766,0.03879842127786601,0.4316735755413608,0.17900476804670512
Diving Men's Synchronized Springboard,0.8,0.2906292839087711,0.10890929213764161,0.04481027877855938,0.4838072608319515,0.07184388434307647
Swimming Women's 400 metres Freestyle,0.9074074074074074,0.2594412783946231,0.1106119026649372,0.06630277100799845,0.5004764828174445,0.06316756511499684
Modern Pentathlon Men's Individual,0.9285714285714286,0.20016968386853062,0.1267352750583619,0.04126653208287015,0.577923835803144,0.05390467318709346
Swimming Men's 100 metres Freestyle,0.9040404040404041,0.19516884754113226,0.12894034134141127,0.06393288722841514,0.5402354897831044,0.07172243410593684
Athletics Women's Javelin Throw,0.9428571428571428,0.26225828423328906,0.12333908502403884,0.04241753375258022,0.4747381193170656,0.09724697767302629
Swimming Men's 200 metres Breaststroke,0.9090909090909091,0.2658849441392648,0.11639254109007506,0.0515026227884981,0.5026957739426662,0.06352411803949594
Synchronized Swimming Women's Team,0.6336633663366337,0.19882347820305202,0.09318506794736309,0.038273848709095226,0.5814999508245778,0.08821765431591186
Athletics Men's Decathlon,0.8357142857142857,0.23402919980352993,0.09574202207217261,0.06742081348299832,0.5294715772597282,0.07333638738157099
"Wrestling Men's Middleweight, Greco-Roman",0.7878787878787878,0.20517581355816453,0.10999698301922198,0.07825353825509686,0.5738238566891227,0.03274980847839403
Swimming Women's 4 x 100 metres Freestyle Relay,0.8309859154929577,0.14467773075324014,0.07488744918094142,0.04870465368715437,0.6842375190866393,0.04749264729202482
Handball Women's Handball,0.7864768683274022,0.16370518861899977,0.07276717134732215,0.03972481536396591,0.682989908725074,0.040812915944638165
Diving Men's Platform,0.8571428571428571,0.2500947814969083,0.10279729573424372,0.04621599402865795,0.44295126784455324,0.1579406608956369
Athletics Men's Shot Put,0.8682170542635659,0.23548280209946698,0.08631972914920548,0.13849587029654822,0.47571403967946563,0.0639875587753137
"Fencing Men's Foil, Team",0.7701149425287356,0.24437867341913105,0.07943557851907027,0.044020515793452564,0.5717573650331582,0.060407867235187845
Gymnastics Women's Floor Exercise,0.9652777777777778,0.2011226928904668,0.19045514725821114,0.05614183956673809,0.45066478341092264,0.1016155368736613
Shooting Men's Skeet,0.95,0.3147570019913252,0.08491651850754423,0.06569303618804535,0.47909891903380164,0.05553452427928361
Shooting Women's Trap,0.7916666666666666,0.32290990114531276,0.15796809162447328,0.129039677289039,0.33910417491636646,0.050978155024808555
Judo Women's Middleweight,0.7567567567567568,0.2705303324879928,0.10776560752094091,0.02329169692162248,0.5375409960147763,0.060871367054667426
"Fencing Men's Sabre, Individual",0.89171974522293,0.36737640512358793,0.0966206064565437,0.07520015497341667,0.42032030144561444,0.040482532000837256
Volleyball Women's Volleyball,0.7754491017964071,0.20417468370809796,0.10489695377638267,0.05101709684754959,0.59141179334354,0.04849947232442993
"Canoeing Men's Canadian Doubles, Slalom",0.74,0.2728899536561874,0.12185900470819742,0.08132730776050286,0.42592175201042637,0.09800198186468606
"Fencing Men's Foil, Individual",0.9310344827586207,0.3130323161674617,0.1320336987808115,0.0693535769865375,0.4270954092072883,0.0584849988579012
Swimming Women's 800 metres Freestyle,0.8181818181818182,0.20553622346476727,0.15526577801733424,0.0510381189120741,0.5148988025705482,0.07326107703527607
Swimming Women's 100 metres Breaststroke,0.9292035398230089,0.21647776355298795,0.11034825603968491,0.05587486443004359,0.5205316299859152,0.0967674859913683
Swimming Women's 200 metres Breaststroke,0.9107142857142857,0.21816833380228154,0.126223895938483,0.05835729762743021,0.5000823878621672,0.09716808476963816
Swimming Men's 100 metres Breaststroke,0.8962962962962963,0.21357286265581613,0.07257581370337114,0.0657580970996808,0.574943015474539,0.07315021106659288
Swimming Men's 4 x 100 metres Medley Relay,0.879245283018868,0.1161375874193988,0.0688425328820452,0.03750015686540024,0.7388522174869778,0.03866750534617802
Table Tennis Women's Singles,0.9557522123893806,0.18857791587911124,0.1301421133075998,0.012752393959264306,0.571707361457952,0.09682021539607263
Athletics Men's Long Jump,0.9132947976878613,0.1618208551764427,0.10919209750424694,0.07698636573583195,0.5918941599816765,0.060106521601802014
Athletics Women's 4 x 400 metres Relay,0.9285714285714286,0.1142545075799014,0.06749615270432589,0.04366363528520204,0.6653660344314843,0.10921966999908636
"Fencing Women's Foil, Individual",0.9230769230769231,0.29016876313343926,0.1465285159576019,0.038178217096562723,0.4672454582797326,0.05787904553266361
Athletics Men's 200 metres,0.9037037037037037,0.22527051757144437,0.1252673357812864,0.04363713706494973,0.5536161300491267,0.05220887953319276
Tennis Women's Singles,0.9322033898305084,0.26751510292198694,0.12620261891328644,0.0635067686155076,0.5073392136619799,0.035436295887239164
Tennis Women's Doubles,0.8807339449541285,0.2749490169157711,0.14405447919884867,0.05214638786932084,0.4527000801445496,0.07615003587150976
Weightlifting Men's Featherweight,0.7887323943661971,0.18153629744041272,0.07431238203843595,0.04012635275845669,0.45376003256846253,0.25026493519423215
Badminton Mixed Doubles,0.8064516129032258,0.24077299637079208,0.13822092806666086,0.08963956793640035,0.4777053146261701,0.053661192999976674
Table Tennis Men's Singles,0.95,0.22773431581222736,0.0819188720757759,0.05305510258792064,0.5219729720121404,0.11531873751193561
"Shooting Women's Air Rifle, 10 metres",0.9157894736842105,0.2902781052418258,0.12210711906951734,0.02466530495739873,0.49399870525609035,0.0689507654751678
"Shooting Women's Small-Bore Rifle, Three Positions, 50 metres",0.9358974358974359,0.3017541476557766,0.12466596892266721,0.041327566327413606,0.47764375545652976,0.05460856163761287
Sailing Women's Windsurfer,0.8409090909090909,0.24237744449326143,0.08641059059243109,0.0366648435348315,0.544791308242946,0.08975581313653004
Athletics Men's Javelin Throw,0.8235294117647058,0.23511478632105182,0.08283283083051572,0.11238362539447881,0.5134010972322529,0.056267660221700794
Modern Pentathlon Women's Individual,0.9024390243902439,0.25009602445649826,0.16200586071462234,0.0697547796496812,0.474930976300587,0.043212358878611176
Swimming Men's 200 metres Individual Medley,0.9099099099099099,0.17432152886937027,0.13715632685994827,0.06378902027661092,0.5112038483836633,0.11352927561040717
Sailing Women's Two Person Dinghy,0.8082191780821918,0.22429828140104147,0.10257154655780516,0.03402436525318535,0.5479691315808984,0.09113667520706947
Diving Women's Platform,0.896551724137931,0.2335800356993801,0.16082728703503682,0.03462708896781591,0.4733684440150312,0.09759714428273605
Diving Women's Synchronized Platform,0.9,0.2232755871487352,0.18351331303574786,0.03505977303861327,0.4572350790064099,0.1009162477704938
Boxing Men's Lightweight,0.8240740740740741,0.16605726598562703,0.06975370583554273,0.025857914564160266,0.6398772482792776,0.09845386533539242
"Cycling Women's Road Race, Individual",0.9354838709677419,0.3022039941048192,0.11957602616237768,0.0575879902071129,0.4760318227325177,0.044600166793172656
Weightlifting Women's Middleweight,0.6666666666666666,0.22095811554458794,0.08821326212896502,0.030980823248642462,0.6598477990778044,0.0
Weightlifting Women's Flyweight,0.8823529411764706,0.31952277482821784,0.10745898842446856,0.0,0.5511111103562024,0.021907126391111132
"Wrestling Men's Super-Heavyweight, Freestyle",0.7954545454545454,0.16604677105473178,0.1512636191873334,0.11498000545928161,0.3578504492329288,0.2098591550657244
Sailing Mixed Multihull,0.8354430379746836,0.23976024940941645,0.10669980283772408,0.02724339301131047,0.5616803699046938,0.06461618483685515
Swimming Women's 400 metres Individual Medley,0.8505747126436781,0.1776304565553994,0.1173105610872827,0.09542946906291466,0.5096398942467667,0.09998961904763663
Swimming Women's 200 metres Individual Medley,0.8791208791208791,0.2428722735651328,0.05583102087806898,0.05270160445540081,0.535560564237078,0.1130345368643194
Swimming Women's 100 metres Backstroke,0.9047619047619048,0.23340301114790885,0.11631700593124084,0.052271062029572844,0.5687255342413028,0.02928338664997482
Athletics Men's 110 metres Hurdles,0.8957055214723927,0.1872552014798348,0.08604508218783129,0.05227312154575108,0.586608236420056,0.08781835836652677
Weightlifting Women's Lightweight,0.9,0.2529807910896759,0.12668253526283468,0.017554597005105206,0.5205550953670774,0.08222698127530677
Gymnastics Men's Individual All-Around,0.9612903225806452,0.2784711458531727,0.0824134794577454,0.046256042598985546,0.4882004168475259,0.10465891524257058
Gymnastics Men's Team All-Around,0.8622047244094488,0.180911896894419,0.07451697213060059,0.055648578810666025,0.636709595485774,0.05221295667854038
Gymnastics Men's Floor Exercise,0.973421926910299,0.24864628758617532,0.05735275073450034,0.03906726164469692,0.5881977388749152,0.06673596115971232
Gymnastics Men's Parallel Bars,0.9701986754966887,0.2565388767669694,0.09370696171766282,0.04034049043197406,0.5232564728884052,0.08615719819498854
Gymnastics Men's Horizontal Bar,0.9602649006622517,0.266401212437947,0.058148070623073075,0.06799309504676229,0.5196385898937776,0.08781903199844
Gymnastics Men's Rings,0.9632107023411371,0.2754383486695486,0.07157680380390494,0.030973399144164075,0.5416209667261991,0.08039048165618341
Gymnastics Men's Pommelled Horse,0.9601328903654485,0.24669182893239552,0.13838150418078063,0.03371499286345865,0.5063200876634856,0.07489158635987975
Swimming Men's 200 metres Butterfly,0.9203539823008849,0.23261047667360776,0.1071950642223288,0.05131973705561054,0.5411278322766749,0.06774688977177802
Badminton Women's Doubles,0.8676470588235294,0.19150181731171734,0.09123285503280563,0.07078647346297935,0.5748001086710505,0.07167874552144726
Athletics Men's 400 metres,0.9356060606060606,0.20750943624089577,0.11236026231286138,0.0717805867092035,0.5754678235110898,0.03288189122594957
"Shooting Men's Rapid-Fire Pistol, 25 metres",0.9222222222222223,0.35213375345571446,0.08549645889805031,0.07917360094222857,0.4166893400990172,0.06650684660498946
Athletics Women's 200 metres,0.8950617283950617,0.28723560843362866,0.1130428523857677,0.04609561382430246,0.43263078415621736,0.12099514120008387
Athletics Women's 4 x 100 metres Relay,0.8032786885245902,0.2383012060851347,0.10451264967046064,0.04703098002670405,0.5569523385370008,0.05320282568069974
Taekwondo Women's Heavyweight,0.6666666666666666,0.24231750489304402,0.12367486983269271,0.030310053133165663,0.5492728126525888,0.05442475948850885
"Canoeing Men's Canadian Doubles, 1,000 metres",0.7727272727272727,0.2390985768875686,0.09844003901636487,0.06768745968602709,0.5558754946870954,0.03889842972294399
Swimming Men's 4 x 200 metres Freestyle Relay,0.8438818565400844,0.1441620907814519,0.09677241271680403,0.0563443050939969,0.6238027221664488,0.07891846924129835
Cycling Men's Team Sprint,0.7674418604651163,0.1937443462780392,0.09253201881759719,0.05001612394524038,0.5515892044476584,0.11211830651146497
Swimming Men's 100 metres Backstroke,0.9465648854961832,0.18668991046572042,0.09887209422758093,0.06092195181692266,0.6110737046711477,0.04244233881862821
Swimming Women's 100 metres Freestyle,0.910828025477707,0.27235299021895915,0.09308262786743836,0.055582655938990325,0.5037908094612285,0.07519091651338376
Athletics Men's 400 metres Hurdles,0.8963414634146342,0.19992617719833616,0.0919941605243029,0.042607524139955014,0.6144660340750036,0.05100610406240238
Beach Volleyball Women's Beach Volleyball,0.8656716417910447,0.22097462484861824,0.1253756117650322,0.01780222077558829,0.44778325954657566,0.18806428306418546
"Canoeing Men's Kayak Doubles, 1,000 metres",0.8461538461538461,0.21105985485039566,0.10810192114744724,0.07377914366356277,0.5418207324118234,0.06523834792677097
Rowing Women's Coxless Pairs,0.66,0.23443406711089962,0.08773875943023908,0.05882204696145529,0.5234045651553466,0.09560056134205942
Handball Men's Handball,0.7821100917431193,0.15917181417200418,0.10943767849605913,0.06200769438997632,0.6000503810627964,0.06933243187916391
"Fencing Men's epee, Individual",0.9390862944162437,0.26191143369254594,0.12978323747370316,0.1387026621238125,0.4101396869257556,0.05946297978418298
"Fencing Men's epee, Team",0.8037383177570093,0.2496641753213364,0.08732574561092989,0.06629513862941358,0.5441049998857607,0.052609940552559555
"Swimming Men's 1,500 metres Freestyle",0.8981481481481481,0.22768650145710098,0.17550863897917185,0.06272519634452861,0.46172896685769493,0.07235069636150358
Archery Men's Team,0.8072289156626506,0.2232187211843281,0.07021029944279093,0.0991888761410988,0.5340349013448418,0.07334720188694038
Badminton Women's Singles,0.8955223880597015,0.23553570514193944,0.13672673224175338,0.06806693137798357,0.4889702364079727,0.0707003948303509
Sailing Men's Two Person Dinghy,0.9259259259259259,0.23859074993080143,0.09356844760109925,0.035114165176797496,0.5883785517442965,0.04434808554700541
Swimming Men's 200 metres Backstroke,0.9065420560747663,0.20472832729580898,0.1050228843519476,0.07886060292934127,0.547896104843713,0.06349208057918923
"Canoeing Men's Kayak Singles, Slalom",0.8909090909090909,0.258228489707486,0.08214043967000655,0.018093807138631415,0.5873697654114768,0.05416749807239922
Weightlifting Women's Super-Heavyweight,0.8125,0.18807404749462373,0.1675278815078463,0.24698110742074234,0.3547573971084648,0.04265956646832286
Trampolining Men's Individual,0.6842105263157895,0.29190486376696645,0.09759161040225686,0.06831171750004082,0.4712050073349684,0.07098680099576764
"Canoeing Women's Kayak Fours, 500 metres",0.8631578947368421,0.15155261066740006,0.060731193415321696,0.03591105274130228,0.6610795506415951,0.09072559253438087
Athletics Women's Heptathlon,0.8714285714285714,0.2553870801512556,0.175079393164702,0.06520746805196019,0.4074710141673559,0.09685504446472624
"Athletics Men's 1,500 metres",0.8767123287671232,0.21889857863265688,0.10259212814256422,0.0468150678291556,0.5677313781084564,0.06396284728716695
Athletics Women's 100 metres Hurdles,0.8854166666666666,0.21994532209197076,0.12169640388922132,0.053399748594877366,0.47809951559733727,0.12685900982659334
Shooting Men's Trap,0.8953488372093024,0.2505973734152882,0.09139506905661239,0.1175672845298011,0.44332227508672234,0.09711799791157603
Rowing Women's Single Sculls,0.8,0.19147113993897322,0.08093382213257509,0.014525511954134991,0.5917270695261625,0.12134245644815424
Athletics Men's 800 metres,0.8888888888888888,0.2549642643571686,0.0970602402649509,0.025066702888653467,0.5372966669212356,0.08561212556799144
Gymnastics Men's Horse Vault,0.9619771863117871,0.2710535682192659,0.0962011911885598,0.05646856610125302,0.5279956335375445,0.0482810409533766
"Cycling Men's Team Pursuit, 4,000 metres",0.8037383177570093,0.20294918348935892,0.11099343592828201,0.04609642749815818,0.5688030441357897,0.0711579089484111
Rowing Men's Coxed Eights,0.68561872909699,0.20993298253414863,0.10820041236275903,0.06726676698745351,0.5805631372893393,0.034036700826299615
"Canoeing Men's Canadian Singles, Slalom",0.8947368421052632,0.36064790333196634,0.12195520618727893,0.03934793607607719,0.393381655956913,0.0846672984477646
Cycling Men's Keirin,0.8928571428571429,0.27663336769040003,0.11639353558283544,0.03761607061808896,0.4813088691154462,0.08804815699322946
Athletics Men's Pole Vault,0.8359375,0.2689636367855958,0.10441321643745237,0.0767325290563153,0.5088327591329466,0.041057858587690094
Diving Women's Springboard,0.8279569892473119,0.2308481070001449,0.11212657701149482,0.01803146824957114,0.5258852994408031,0.11310854829798607
Diving Women's Synchronized Springboard,0.8,0.21977504154231747,0.1593572085331227,0.0,0.43075782574727245,0.19010992417728736
Water Polo Women's Water Polo,0.7540983606557377,0.17687330125615544,0.06753734889113229,0.06489953294898759,0.6467112965952921,0.0439785203084325
"Canoeing Women's Kayak Singles, 500 metres",0.8793103448275862,0.27984251973989915,0.10868480738988724,0.049358655050415666,0.4460497351635885,0.11606428265620951
Judo Men's Half-Lightweight,0.7887323943661971,0.13167686962814135,0.05868053649932408,0.005449879689967166,0.7098028613769146,0.09438985280565283
Judo Women's Extra-Lightweight,0.8333333333333334,0.2591728055850958,0.1514095753380803,0.021488552609029137,0.5171639749671925,0.05076509150060226
Athletics Women's 100 metres,0.9120370370370371,0.31797556469421445,0.08568585780524389,0.06448093373924153,0.45639988346776933,0.07545776029353081
"Cycling Women's Mountainbike, Cross-Country",0.9090909090909091,0.26401001540964847,0.13778288485936155,0.021155655903837837,0.49427310069122954,0.08277834313592254
Cycling Women's Individual Time Trial,0.8,0.3565719396129988,0.11182550795712345,0.0703747230359245,0.33823767352516576,0.12299015586878745
Athletics Women's Pole Vault,0.9545454545454546,0.27221336953183384,0.11157617880905671,0.0810644960646542,0.44272143417358,0.09242452142087516
Athletics Women's High Jump,0.8362068965517241,0.2280473210412242,0.10997764720684416,0.05750028342498961,0.5428286772125692,0.06164607111437284
Cycling Women's Sprint,0.7931034482758621,0.27503466992876896,0.08422437903417823,0.07591954654376325,0.47176256544706824,0.09305883904622135
Synchronized Swimming Women's Duet,0.9367088607594937,0.17498993754725164,0.07565660833604358,0.010674907057034083,0.5075189106659311,0.2311596363937396
Rowing Men's Coxless Fours,0.8085106382978723,0.187452592847389,0.09063760701477674,0.05879440812691727,0.6144543716420009,0.04866102036891604
Boxing Men's Bantamweight,0.8165137614678899,0.18649012950380006,0.1303840520839076,0.0015579411048546276,0.6546556146421721,0.026912262665265516
Athletics Women's Hammer Throw,0.9183673469387755,0.25243597757054015,0.09513376032865958,0.08990187459559212,0.40591293841260717,0.15661544909260097
Athletics Women's Long Jump,0.9,0.25890431196918573,0.1289953499886782,0.04974481941174778,0.4921619430368454,0.0701935755935428
Athletics Men's Discus Throw,0.7947019867549668,0.2649092722916844,0.10570906074784334,0.1481044508940408,0.3872862701789841,0.09399094588744743
Judo Men's Half-Middleweight,0.8823529411764706,0.18342944817873838,0.06969433090593061,0.06998466157173187,0.5878724615351119,0.08901909780848731
"Shooting Women's Air Pistol, 10 metres",0.9240506329113924,0.30308807134270466,0.08592123597454401,0.08226683757585863,0.4717370330906909,0.05698682201620179
Swimming Women's 50 metres Freestyle,0.9435483870967742,0.2900422396299461,0.08303163172594555,0.08196923677214192,0.43756037005093973,0.10739652182102669
Boxing Men's Welterweight,0.7476635514018691,0.19250960871726186,0.08577149032914602,0.015270262796382753,0.6665452020782221,0.03990343607898734
"Fencing Women's epee, Team",0.7,0.25840383234625197,0.1392139645505516,0.06318299499694872,0.4759472146209596,0.06325199348528814
Swimming Men's 400 metres Freestyle,0.8897058823529411,0.22450131473918394,0.17852958533635332,0.10029294807330538,0.41687060086581784,0.07980555098533954
Judo Women's Half-Lightweight,0.8378378378378378,0.17710481692500163,0.048092159159537996,0.0,0.6498959416536205,0.12490708226183983
Taekwondo Women's Welterweight,0.6842105263157895,0.19451853018086118,0.06985641396204102,0.041987769735267376,0.6158426510958315,0.07779463502599897
Trampolining Women's Individual,0.7894736842105263,0.3400158953105473,0.10007262330225057,0.00386039194177122,0.49814773733380086,0.057903352111630016
Weightlifting Men's Bantamweight,0.8888888888888888,0.1989552481559568,0.11756044295793779,0.010536612116109097,0.5421688515629532,0.13077884520704314
"Wrestling Men's Welterweight, Freestyle",0.8472222222222222,0.21214844439723507,0.09257074507922146,0.018344886534168298,0.6288383615312728,0.04809756245810239
Taekwondo Women's Featherweight,0.631578947368421,0.24903116412708776,0.14210396568988276,0.002806829038581476,0.5914390870752192,0.014618954069228729
Shooting Men's Double Trap,0.8571428571428571,0.35834586737837704,0.16958109828697643,0.05900639840062763,0.347418260825686,0.06564837510833293
"Canoeing Women's Kayak Doubles, 500 metres",0.8539325842696629,0.2165949092538456,0.07423055235727502,0.04822654883533831,0.5184164493710033,0.14253154018253772
"Wrestling Men's Featherweight, Greco-Roman",0.7183098591549296,0.21614332292596444,0.10290476001580257,0.08162813111287935,0.5431163194405807,0.0562074665047729
Boxing Men's Flyweight,0.8415841584158416,0.20778025794523855,0.07857046377511769,0.0,0.6636060413948992,0.05004323688474464
Boxing Men's Light-Welterweight,0.8095238095238095,0.181521699930757,0.0703641143196669,0.03503763562099425,0.6853194706094803,0.0277570795191016
Rowing Men's Double Sculls,0.8469387755102041,0.2175152637414205,0.13754618986014022,0.07027802078689391,0.5028227677046775,0.0718377579068678
Rowing Men's Quadruple Sculls,0.8099173553719008,0.25248494720894055,0.10416349787411551,0.059497333687563325,0.5448409923315238,0.039013228897856876
Athletics Women's Marathon,0.9388888888888889,0.18191945046053992,0.07925164864498098,0.060566244794336976,0.6180701063541926,0.060192549745949585
"Equestrianism Mixed Three-Day Event, Individual",0.9265536723163842,0.32299539157386775,0.14160005292705763,0.050054313543627584,0.42379678894039924,0.06155345301504769
Athletics Women's Triple Jump,0.88,0.17059517518828302,0.12418984734366796,0.07896451306486708,0.44661644808653705,0.17963401631664488
Rowing Women's Lightweight Double Sculls,0.8461538461538461,0.25224901439567077,0.10042257560314957,0.04646641185900662,0.5099758431471634,0.09088615499500981
Athletics Women's 400 metres Hurdles,0.863013698630137,0.25233842062097234,0.09058794369816882,0.0685989088914824,0.5291263377090398,0.0593483890803367
Rowing Men's Lightweight Coxless Fours,0.8481012658227848,0.16592398435116337,0.042781817151075444,0.0017393083165603337,0.7585671225026646,0.03098776767853632
"Canoeing Men's Kayak Fours, 1,000 metres",0.7945945945945946,0.19141492083903264,0.11149970818603697,0.053504881709964834,0.5710241279908305,0.07255636127413517
"Equestrianism Mixed Jumping, Individual",0.9419642857142857,0.34425121410051673,0.11790611860664246,0.05840787207198857,0.4225193203910653,0.0569154748297868
"Equestrianism Mixed Jumping, Team",0.729064039408867,0.26067725585215684,0.12008165534575108,0.05966951683753823,0.5088373545378818,0.05073421742667211
"Cycling Men's Mountainbike, Cross-Country",0.9295774647887324,0.3000159547339389,0.17041257765635617,0.02816804852036153,0.3676351727641831,0.13376824632516018
Sailing Men's Windsurfer,0.8714285714285714,0.26939916812074954,0.07770117824152695,0.023630722552257292,0.5843211259951836,0.044947805090282573
Swimming Men's 100 metres Butterfly,0.9191176470588235,0.22413164812093034,0.0995359453869046,0.05263757422161664,0.5309397327985167,0.09275509947203182
Athletics Women's 20 kilometres Walk,0.8783783783783784,0.20587622043541703,0.07751970812724111,0.042683588286813644,0.6140590718953347,0.05986141125519349
Boxing Men's Heavyweight,0.6724137931034483,0.18363341973754177,0.10987467328162848,0.08290467155461108,0.5794906263195969,0.04409660910662186
Swimming Women's 200 metres Butterfly,0.9024390243902439,0.2268009024987985,0.13745548761884818,0.11617759236677161,0.38113246637908366,0.13843355113649808
Swimming Men's 400 metres Individual Medley,0.875,0.21860049085480449,0.12007427261270544,0.0855086534934957,0.46122044712653815,0.11459613591245608
Judo Women's Lightweight,0.7837837837837838,0.2662250506885316,0.0759727927007111,0.07308192392999235,0.5387296768065093,0.045990555874255726
"Canoeing Men's Canadian Singles, 1,000 metres",0.7592592592592593,0.25779392374993026,0.10010753822281428,0.07157437486075992,0.47562112694548125,0.09490303622101423
Judo Women's Half-Heavyweight,0.6764705882352942,0.21184475403013542,0.08045010246205404,0.0,0.6526169333930911,0.05508821011471951
"Canoeing Women's Kayak Singles, Slalom",0.8205128205128205,0.24967076816050573,0.08155944021344094,0.06687316820252626,0.5231367490071207,0.07875987441640642
Weightlifting Men's Lightweight,0.8717948717948718,0.2383217635863365,0.07860920082180428,0.009396091400222741,0.6303291346337287,0.04334380955790773
"Fencing Women's epee, Individual",0.9444444444444444,0.2892345071419235,0.12335683284868768,0.06537595109057809,0.4457857244551602,0.07624698446365054
Judo Women's Half-Middleweight,0.6842105263157895,0.24727269127958648,0.07473261834108637,0.028229049737706565,0.5161729081391039,0.13359273250251663
"Wrestling Men's Featherweight, Freestyle",0.7466666666666667,0.22761837908264365,0.0841694690663911,0.04803295203548037,0.5926448591644756,0.0475343406510092
Weightlifting Women's Featherweight,0.7333333333333333,0.2902362006680495,0.04745507672727747,0.0,0.5533887302637676,0.10891999234090538
"Wrestling Men's Welterweight, Greco-Roman",0.7878787878787878,0.18278452941166437,0.09833129446563219,0.03513156469230791,0.6317828783005394,0.051969733129856255
Swimming Men's 200 metres Freestyle,0.9202898550724637,0.1748249813255277,0.08680975929874826,0.12698298965257077,0.4699988727300268,0.1413833969931266
Weightlifting Women's Light-Heavyweight,0.6470588235294118,0.2516613861727347,0.09661868132500812,0.05532392275742815,0.5412437631768473,0.05515224656798177
"Shooting Men's Free Pistol, 50 metres",0.8709677419354839,0.2914483612242309,0.12340100659391191,0.07773823036991,0.4161728928509222,0.09123950896102494
Judo Men's Half-Heavyweight,0.7837837837837838,0.21261312490880707,0.10473232847837134,0.052413321410678664,0.5962621262621837,0.03397909893995927
"Wrestling Men's Super-Heavyweight, Greco-Roman",0.7272727272727273,0.2480799454032909,0.08839598583564043,0.09061304644687132,0.4901371535448093,0.082773868769388
"Canoeing Men's Kayak Singles, 1,000 metres",0.8227848101265823,0.28824998982834277,0.0855570776596136,0.09237596337899426,0.4735666079193696,0.060250361213679805
"Athletics Women's 1,500 metres",0.9175257731958762,0.1931876441797086,0.09647726610351305,0.0473906521072746,0.6256494368562147,0.037295000753288954
"Equestrianism Mixed Dressage, Individual",0.9236641221374046,0.29254834356276277,0.13373540916032584,0.08103492160500526,0.40117827292355324,0.09150305274835292
Judo Men's Heavyweight,0.8428571428571429,0.13821788668365326,0.10209548847087148,0.10339338750404228,0.5596151824023379,0.09667805493909515
Tennis Men's Doubles,0.8360655737704918,0.2164350774745624,0.11692713635642264,0.05383778212304899,0.5697578945897285,0.04304210945623743
Taekwondo Men's Heavyweight,0.8421052631578947,0.2388526875883478,0.16869890083279812,0.10834537509172228,0.42498371064306506,0.05911932584406683
Boxing Men's Light-Flyweight,0.7721518987341772,0.2149922522307931,0.06959802553088687,0.0011832167986461067,0.6161340636240792,0.09809244181559476
"Athletics Men's 5,000 metres",0.8842105263157894,0.22625467766675175,0.11495847134910515,0.06369942787775183,0.5170781401944886,0.07800928291190254
"Athletics Men's 10,000 metres",0.8546511627906976,0.21582197515893722,0.12706285589733485,0.04885811059281504,0.5446513929171981,0.0636056654337147
"Wrestling Men's Light-Heavyweight, Greco-Roman",0.7301587301587301,0.19297999148012632,0.11213546792199604,0.025148146861889407,0.6327356883496182,0.03700070538636998
Weightlifting Men's Middle-Heavyweight,0.8082191780821918,0.18170357216140956,0.0490318507234401,0.016865935276382187,0.5100110770151068,0.2423875648236613
"Shooting Men's Air Pistol, 10 metres",0.9523809523809523,0.28598170710797083,0.09365068575806108,0.07878475883985972,0.42510023798446467,0.11648261030964384
Judo Men's Lightweight,0.8850574712643678,0.19009084275797988,0.07014911049241543,0.03836462614005308,0.659390959443441,0.042004461166110736
Sailing Men's One Person Dinghy,0.8793103448275862,0.22511148611092816,0.07261274321573195,0.0838253013227123,0.5767322506151384,0.041718218735489206
Sailing Women's One Person Dinghy,0.8235294117647058,0.26077409037682564,0.1085460384242231,0.054775436742592165,0.5199926992041757,0.05591173525218341
Triathlon Women's Olympic Distance,0.9545454545454546,0.22965229755710923,0.11756439452180499,0.025104926680221747,0.5937633386080007,0.03391504263286346
"Wrestling Men's Middleweight, Freestyle",0.8333333333333334,0.21912636984672593,0.09617545824178086,0.05096678929027891,0.5968678488852318,0.0368635337359825
Rowing Men's Single Sculls,0.8831168831168831,0.19226766393736394,0.10254789753847941,0.08439582380554177,0.45842647049183116,0.16236214422678377
Judo Women's Heavyweight,0.8787878787878788,0.1558084076148322,0.07917187673863314,0.13164498439706782,0.4939284263947645,0.13944630485470244
Rowing Men's Lightweight Double Sculls,0.7931034482758621,0.2187069933508528,0.09089761361193323,0.0007169100074029509,0.6131959313711073,0.07648255165870373
Tennis Men's Singles,0.9206349206349206,0.20564195245430858,0.164972769946419,0.10021851562475086,0.4928226461054503,0.03634411586907116
"Athletics Women's 5,000 metres",0.8947368421052632,0.20748038416146397,0.07498074701813028,0.15632606923775547,0.33829931833803933,0.2229134812446109
Athletics Women's 800 metres,0.8991596638655462,0.22882900687836039,0.10200628675044424,0.06524790316166076,0.5235279903756408,0.08038881283389382
"Wrestling Men's Heavyweight, Freestyle",0.7540983606557377,0.2201986519292422,0.10429416548322357,0.06149819098571668,0.5436486386489344,0.07036035295288319
Shooting Women's Skeet,0.7619047619047619,0.34495726150775885,0.08088249917593592,0.1998549496263159,0.30206114426986347,0.07224414542012578
Cycling Men's Sprint,0.8947368421052632,0.23915749519495424,0.11140690983428035,0.06788039825239174,0.4312030994636145,0.150352097254759
Taekwondo Women's Flyweight,0.7894736842105263,0.2578756041926171,0.0750349066583495,0.0,0.6433200345531167,0.02376945459591675
Beach Volleyball Men's Beach Volleyball,0.8840579710144928,0.21152955971608636,0.16881255585396812,0.08540303230785311,0.4898777078021743,0.04437714431991815
Weightlifting Men's Heavyweight,0.7346938775510204,0.2837254421774475,0.08340238457164274,0.10847402870636216,0.5068025016076045,0.017595642936942997
Boxing Men's Super-Heavyweight,0.7096774193548387,0.1878815806833401,0.14453383577863885,0.10305386703124633,0.5343214388443999,0.030209277662374717
Taekwondo Men's Flyweight,0.7368421052631579,0.22706291677855855,0.1255819786065364,0.13220880167481125,0.5029050199918481,0.012241282948245795
Taekwondo Men's Welterweight,0.7,0.1725418096313432,0.17708606930339948,0.03605733216403583,0.5412608819668423,0.07305390693437915
Cycling Men's Individual Time Trial,0.8571428571428571,0.21217094519749874,0.12851966396308487,0.040185362192828686,0.5682189244794482,0.05090510416713958
Rowing Men's Coxless Pairs,0.7788461538461539,0.21321054112896745,0.12978314929381424,0.06777198030410037,0.5478687515210555,0.04136557775206226
Tennis Mixed Doubles,0.9375,0.2835680669590746,0.1144474317433181,0.09049289281326242,0.45314997651629046,0.05834163196805446
"Equestrianism Mixed Dressage, Team",0.8061224489795918,0.2511866175702518,0.11731861498292198,0.09810392226117355,0.4749351582744089,0.058455686911243795
